101930 99999  19430429    49.8  5    41.0  5  1013.9  5  9999.9  0    9.9  5    9.8  5   13.0  999.9    57.0*   36.0* 99.99  999.9  010000
722586 99999  19500123    65.9 24    60.0 24  1007.3 24   980.3 24   13.8 24   20.9 24   34.0  999.9    77.4*   61.3*  0.00I 999.9  000000
722545 99999  19530307    61.5 24    57.0 24  1024.8 24  1005.5 24    5.6 24    5.4 24   12.0  999.9    68.4*   56.3* 99.99  999.9  110000
999999 93719  19530409    60.0 24    52.8 24  1015.7 24  1014.7 24    6.6 24    5.2 24   11.1  999.9    75.0*   46.9*  0.00I 999.9  100000
319690 99999  19580623    73.0  4  9999.9  0  1010.8  4  9999.9  0   10.9  4    2.5  4    4.1  999.9    82.0    63.0   0.00I 999.9  000000
488730 99999  19580717    82.4  9    73.1  8  1003.3  8  1002.1  8   14.8  9   19.9  8   28.9  999.9    89.2*   77.4*  0.00I 999.9  000000
029520 99999  19620205    29.9  8    28.4  8   999.1  8  9999.9  0    8.8  8    7.9  8   12.0  999.9    32.0    21.0   0.03F 999.9  001000
474300 99999  19670712    66.0  8    62.3  8  1005.9  8  9999.9  0    4.8  8    3.5  8    6.0  999.9    70.3*   63.3* 99.99  999.9  110000
223490 99999  19691215    22.9  8    19.4  8  1030.8  8  9999.9  0   14.8  8    7.7  8   15.9  999.9    27.0    12.0*  0.01E 999.9  011000
247710 99999  19740721    62.6  6    53.0  6  1010.9  6  9999.9  0   28.0  6    1.3  6    3.9  999.9    71.6*   48.2*  0.08E 999.9  000000
081840 99999  19761121    38.2 24    25.0 24  9999.9  0  9999.9  0    6.2 24    2.6 22   19.8  999.9    51.8*   30.2*  0.00I 999.9  000000
723550 13945  19760820    80.3 24    57.4 24  1017.0  8  9999.9  0    9.3 24    5.0 24   12.8   15.0    91.9*   68.0*  0.00I 999.9  000000
385110 99999  19771006    55.4  7    35.9  6  1024.9  7  9999.9  0   12.4  7    5.8  7   13.6  999.9    66.2    42.8*  0.00F 999.9  000000
702740 99999  19770226    27.5 11    22.2 11  9999.9  0  9999.9  0   32.1 11    2.8 11    4.9  999.9    32.0    13.1*  0.01G 999.9  000000
038580 99999  19790305    45.6 12    41.8 12  1027.8 12  9999.9  0   16.1 12    6.1 12    8.9  999.9    48.2*   42.8*  0.00I 999.9  000000
725970 24225  19791009    60.8 24    44.1 24  1016.2 24   968.8 24   12.1 24    2.2 24    6.0  999.9    88.0*   41.9   0.00D 999.9  000000
571930 99999  19800810    79.6  7    73.1  7  1005.4  7  9999.9  0    6.7  7    2.5  7    3.9  999.9    89.6    71.6   0.00H 999.9  010000
723816 03159  19810115    46.3 24    38.0 24  1017.1 24  9999.9  0   18.1 22    2.7 24    7.0  999.9    63.0*   33.1*  0.00D 999.9  100000
471064 99999  19831228    15.4 13     9.0 13  9999.9  0  9999.9  0    5.1 13    2.0 13    4.9  999.9    24.8*    1.4*  0.00I   0.8  000000
479360 99999  19830604    75.4  8    72.5  8   998.5  8  9999.9  0   17.1  8    4.5  8    8.0  999.9    79.5    73.4*  1.46F 999.9  010000
567480 99999  19830708    73.2  6    64.9  6  9999.9  0   829.2  6   18.6  6    4.9  6    9.7  999.9    80.4    66.2   0.00D 999.9  000000
725866 99999  19830723    75.4 12    55.5 12  9999.9  0  9999.9  0   47.2 12    7.1 12   19.8   24.9    87.1*   62.1*  0.00H 999.9  010010
307660 99999  19840119   -13.4  8   -18.3  8  1028.3  8  9999.9  0   27.7  8    1.9  8    5.8    9.7     5.0   -26.0*  0.03G   2.4  001000
727534 99999  19840915    49.9 22    35.7 22  9999.9  0  9999.9  0  999.9  0    2.5 22    8.0  999.9    66.9*   37.0*  0.00I 999.9  000000
915540 99999  19840219    77.6  5    75.1  5  1007.4  5  9999.9  0   13.7  5    1.4  5    7.0  999.9    86.0    73.2*  0.24A 999.9  010010
539470 99999  19851014    46.7  5    45.7  5  1019.4  4  9999.9  0    6.3  5    2.4  4    5.8  999.9    47.3*   44.4   0.28G 999.9  010000
076950 99999  19861109    58.0  7    51.9  7  1022.7  7  9999.9  0    9.4  7    3.7  7    8.0  999.9    63.1    53.8   0.00C 999.9  000000
562570 99999  19860412    37.3  6    22.3  6  9999.9  0   629.6  6   18.6  6    1.0  6    5.8  999.9    54.7    26.6   0.01C 999.9  001000
025900 99999  19880610    56.5 24    48.1 24  9999.9  0  9999.9  0    6.6 24    7.9 24   17.1  999.9    70.0    46.2*  0.00E 999.9  010000
160660 99999  19880730    74.7 24    62.8 24  9999.9  0  9999.9  0    4.5 24    3.2 24    9.9  999.9    85.6    59.5   0.00H 999.9  010010
992780 99999  19880514    49.7 24  9999.9  0  1017.5 24  9999.9  0  999.9  0    9.7 24   27.2   33.0    52.9*   47.1*  0.00I 999.9  000000
725069 99999  19900906    62.7  5  9999.9  0  9999.9  0  9999.9  0    5.0  5    5.3  5    9.9  999.9    72.0*   58.8*  0.00I 999.9  000000
305210 99999  19920106   -21.5  8   -25.8  8  1031.4  8   971.8  8   12.4  4    5.6  8   40.8  999.9   -15.3*  -30.8   0.00B 999.9  000000
618200 99999  19930211    82.9  4    29.3  4  1008.0  4   923.8  4    1.2  4    7.8  4   11.7  999.9    92.5    63.9*  0.00D 999.9  000000
270660 99999  19940605    63.3  8    45.0  8  1006.0  8   989.3  8   12.4  8    1.7  8    3.9  999.9    71.2    50.5   0.00B 999.9  000000
572510 99999  19961001    67.2  4    61.2  4  1017.3  4  9999.9  0    6.4  4    0.0  4  999.9  999.9    73.6*   59.2*  0.04G 999.9  110000
577130 99999  19970203    34.8  7    30.4  7  1023.5  7  9999.9  0   10.7  7    2.8  7    3.9  999.9    36.7    33.8   0.01G 999.9  010000
711160 99999  19980110   -21.4  4   -27.4  4  1031.2  4   912.4  4  999.9  0   13.0  4   15.0   27.0    -9.8   -26.7   0.00I   0.8  000000
724120 03872  19990417    44.3 24    22.6 24  1009.3 24   919.8  4    9.9 24   11.3 24   15.9   33.0    48.9*   37.9*  0.05G 999.9  000000
685880 99999  20000301    78.5 23    74.4 23  1012.3  8  1010.7  8    7.6 23    9.4 23   14.0  999.9    85.3    74.8   0.00G 999.9  010000
724930 99999  20000216    52.7 24    47.9 24  1016.8 22  9999.9  0    9.9 24    5.5 24   14.0   16.9    57.9    44.1   0.00G 999.9  011000
944030 99999  20010415    72.8 16    59.6 16  1018.3 16  1014.2 16   18.6  8    9.1 16   16.9  999.9    90.3    58.1   0.03G 999.9  000000
477680 99999  20030504    71.9 24    54.0 24  1013.5 24  1011.5 24  999.9  0    3.7 24    8.0  999.9    82.2    61.0   0.00I 999.9  000000
424150 99999  20050706    84.8  8    79.7  8  1000.5  8  9999.9  0    1.9  8    0.5  8    4.1  999.9    91.8    78.8   0.00G 999.9  000010
031530 99999  20060227    38.1 24    30.5 24  1019.9 24  9999.9  0   14.8 23   10.1 24   21.0  999.9    44.2    33.4   0.00G 999.9  000000
119275 99999  20060321    34.7 24    24.5 24  9999.9  0  9999.9  0    4.0 24    1.5 24    8.9  999.9    50.0*   21.2*  0.00I 999.9  100000
224380 99999  20060820    49.2  4    45.0  4  1017.8  4  1015.7  4   11.3  4    2.9  4    5.8  999.9    53.4    45.7* 99.99  999.9  010000
614210 99999  20060722    97.0  4    66.7  4  1009.9  4   985.2  4    1.8  4   10.4  4   14.0  999.9   114.8    85.8   0.00I 999.9  000000
119180 99999  20080414    41.5  8    31.1  8  9999.9  0   934.5  8   29.2  5    4.1  8    9.7  999.9    55.9    27.9   0.00G 999.9  000000
488060 99999  20080307    65.4  8    57.6  8  1018.4  8   940.8  8    8.9  8    2.7  8    5.8  999.9    76.3    54.3   0.00G 999.9  100000
561720 99999  20080115    39.2  8    17.5  8  9999.9  0   732.3  8   18.6  8    2.2  8    7.8  999.9    55.0    28.0*  0.00I 999.9  000000
722251 53958  20091211    38.4 24    22.5 24  9999.9  0  1015.4 24   10.0 24    3.9 24   11.1   14.0    44.6*   33.8*  0.00I 999.9  000000
997688 99999  20090110    36.8 24  9999.9  0  1022.4 24  9999.9  0  999.9  0    8.9 24   14.0  999.9    43.9*   33.1*  0.00I 999.9  000000
271990 99999  20100725    78.4  8    61.3  8  1018.9  8  1000.7  8   12.4  8    3.6  8    5.8  999.9    89.8    65.3   0.00I 999.9  000000
033464 99999  20110523    55.2 10    50.4 10  9999.9  0  9999.9  0    6.0 10   11.2 10   18.1   29.9    59.0*   51.8* 99.99  999.9  010000
474050 99999  20110821    66.5 24    61.4 24  1014.4 24  1012.5 24   13.1 24    4.5 24    8.9  999.9    74.5    58.1*  0.00F 999.9  000000
116520 99999  20130813    64.5 24    51.0 24  1015.8 24   989.0 24   12.4 24    7.0 24   15.0  999.9    71.6*   55.4*  0.00G 999.9  000000
162350 99999  20130226    45.8 15    38.0 15  9999.9  0  9999.9  0    6.0 15    1.9 15    6.0  999.9    55.4*   35.6*  0.00I 999.9  000000
720603 00195  20130301    42.6 24    30.4 24  9999.9  0  9999.9  0   10.0 24    3.9 24   11.1   15.9    53.6*   32.0*  0.00I 999.9  000000
800990 99999  20130604    80.4 16    73.9 16  1007.4  5   993.1  5    7.0 16    2.3 12    6.0  999.9    88.5*   70.5   0.79G 999.9  100000
959520 99999  20140102    40.1 16    40.0 16  1001.8 16   877.3 16  999.9  0   13.8 16   27.0  999.9    43.5    37.4*  0.00G 999.9  000000
528180 99999  20150217    31.4  8   -11.8  8  9999.9  0   718.6  8   18.6  5    3.3  7    5.8  999.9    44.1    15.3   0.00I 999.9  000000
713820 99999  20150420    30.3 24    16.8 24  1020.2 24   927.5  4  999.9  0    4.0 24    8.0   20.0    41.9    18.9   0.00G 999.9  000000
592650 99999  20160427    74.8  8    67.5  8  1009.9  8   996.6  8    4.4  8    3.6  8    7.8  999.9    80.6*   67.5*  0.00I 999.9  000000
718520 99999  20161109    48.6 24    38.5 24  1018.2 24  9999.9  0   15.0 24   13.1 24   18.1   24.1    66.2*   41.0*  0.00I 999.9  000000
743946 54754  20160202    36.6 21    23.2 21  1025.0 14  9999.9  0   10.0 21    3.1 21   17.5  999.9    61.0    21.9   0.00I 999.9  000000
